75.05875340688297 -76.9680400542207 2.1701171393371936 49.93449472832555 -93.1428901043452 -83.24145814791896 -0.5525064644220663 82.75326255468332 -63.70165486666468 76.2831276326819 
-89.8665284220236 30.10093381124497 -3.8807816818424214 40.34866482418059 -27.092455654263347 37.2257938427864 -20.500067853086293 17.357548150546265 36.86178474900089 -81.12437102031491 
-3.889519342897742 -17.052927603950167 69.58056942771657 -96.57161262786995 78.0183031863858 -35.249875021774855 -92.59534697160771 -84.32392264351981 50.698164592442026 15.466790071514879 
-98.44777722721008 54.72607879867823 -8.541943043116305 41.087929459746874 -45.76935359198602 55.17812857291577 -8.235812628814102 -91.23349421575068 80.02435990968084 -93.99160307941281 
-53.69439950693433 -88.78605862854283 25.43160481246909 -56.65997401457559 -2.645091547939103 71.6449462950319 -16.5989705504429 -68.4733519905933 31.916585055339 -87.6738855523546 
96.02463631161243 -22.602312407159133 73.7600165781189 77.16572869372041 -2.446580175782458 74.5857627344408 -88.14606437336114 -37.7387667139242 5.159512896987593 -33.30961923348927 
63.595002196217735 -14.93824993612209 11.741015686260255 -95.1986093318891 33.996886533895974 33.04256179284479 64.53336961715146 52.45644199058924 23.518268530881812 69.0022494956194 
-22.479484383139848 48.70832189996264 -24.783725970176036 6.507387604455346 -31.367500443705026 77.73170648130062 51.325021381255794 -29.51941065925965 67.49828895112188 -82.58774814018655 
94.86119090929995 46.577331851284356 -66.57099278415588 12.878982667577517 -89.97514145713323 -86.45015311333846 -18.97187172188437 -93.89234042200634 83.24790969664656 84.58746484249568 
7.492843152716915 90.9794360896851 72.15757421184867 -40.39761426123994 66.89924745234109 -53.51391058947126 21.37596924594081 56.91361107667194 -8.508419895668013 -38.895299371685766 
